4.0
37.1998457
-5.8810101
96.2175562627
2.20548224449
LOADPACKAGE1
Package Loaded
4.0
37.1998457
-5.8810101
96.2175562627
2.20548224449
TAKEOFF1
Takeoff Complete
4.0
37.1998457
-5.8810101
96.1249720297
2.21769952774
WAYPOINT1
Running
5.0
37.1998441
-5.8810093
96.0724894011
2.23086571693
WAYPOINT1
Running
6.0
37.1998402
-5.8810075
96.2662343866
2.35192036629
WAYPOINT1
Running
7.0
37.199838
-5.8810084
96.763258968
2.46067333221
WAYPOINT1
Running
8.0
37.1998382
-5.8810098
96.8770429404
2.58759498596
WAYPOINT1
Running
9.0
37.1998398
-5.881011
95.4037422054
2.70400977135
WAYPOINT1
Running
10.0
37.1998425
-5.8810113
120.019342742
2.30193138123
WAYPOINT1
Running
11.0
37.1998457
-5.8810112
156.0307845
1.74075329304
WAYPOINT1
Running
12.0
37.1998451
-5.8810084
191.897679964
1.50910782814
WAYPOINT1
Running
13.0
37.1998419
-5.881006
224.496041592
1.44209825993
WAYPOINT1
Running
14.0
37.1998395
-5.8810073
255.27997002
1.47799110413
WAYPOINT1
Running
15.0
37.1998407
-5.881011
259.248165642
1.73485827446
WAYPOINT1
Running
16.0
37.1998478
-5.8810162
259.846141377
1.97731053829
WAYPOINT1
Running
17.0
37.1998568
-5.8810211
260.883456466
2.02956557274
WAYPOINT1
Running
18.0
37.1998667
-5.8810262
262.058158441
1.97684788704
WAYPOINT1
Running
19.0
37.1998787
-5.8810311
262.496667947
1.9048640728
WAYPOINT1
Running
20.0
37.1998927
-5.8810364
263.648094496
1.98559629917
WAYPOINT1
Running
21.0
37.1999057
-5.8810402
264.007978544
2.02402544022
WAYPOINT1
Running
22.0
37.1999182
-5.8810429
264.574133774
2.08732390404
WAYPOINT1
Running
23.0
37.1999309
-5.8810455
265.070616512
2.06247258186
WAYPOINT1
Running
24.0
37.1999443
-5.8810479
265.191101472
2.02167773247
WAYPOINT1
Running
25.0
37.199958
-5.8810503
265.935938493
1.97916948795
WAYPOINT1
Running
26.0
37.1999705
-5.8810518
265.422604988
1.99010300636
WAYPOINT1
Running
27.0
37.1999835
-5.8810526
265.677549777
1.99926412106
WAYPOINT1
Running
28.0
37.1999955
-5.8810527
266.035444266
1.99026012421
WAYPOINT1
Running
29.0
37.2000066
-5.8810506
265.433798354
2.00276207924
WAYPOINT1
Running
30.0
37.2000134
-5.8810423
262.808361477
2.02847719193
WAYPOINT1
Running
31.0
37.200022
-5.8810355
257.750513805
1.97747004032
WAYPOINT1
Running
32.0
37.2000322
-5.8810339
255.971452157
1.98087227345
WAYPOINT1
Running
33.0
37.2000424
-5.881036
255.309055317
1.96168971062
WAYPOINT1
Running
34.0
37.2000531
-5.8810388
255.099211762
1.97487449646
WAYPOINT1
Running
35.0
37.2000638
-5.8810418
255.281006244
2.00629138947
WAYPOINT1
Running
36.0
37.2000758
-5.8810461
256.157579922
2.02170109749
WAYPOINT1
Running
37.0
37.2000874
-5.8810496
257.159560983
1.99480223656
WAYPOINT1
Running
37.0
37.2000922
-5.8810516
258.776858449
1.99218666553
WAYPOINT1
Reached WP1
37.0
37.2000922
-5.8810516
259.01446429
1.99360668659
WAYPOINT2
Running
38.0
37.2000991
-5.8810536
245.252451315
1.98460233212
WAYPOINT2
Running
39.0
37.200111
-5.8810575
200.310375979
1.96557867527
WAYPOINT2
Running
40.0
37.2001205
-5.881061
182.344310625
1.93195092678
WAYPOINT2
Running
41.0
37.2001279
-5.8810683
182.965596867
1.93236649036
WAYPOINT2
Running
42.0
37.2001342
-5.8810777
180.309590506
1.93919420242
WAYPOINT2
Running
43.0
37.20014
-5.8810877
177.462598694
1.93638241291
WAYPOINT2
Running
44.0
37.2001457
-5.881099
175.034927625
1.97250676155
WAYPOINT2
Running
45.0
37.2001503
-5.8811111
172.304219283
1.96328926086
WAYPOINT2
Running
46.0
37.2001542
-5.8811253
169.106129491
1.92127668858
WAYPOINT2
Running
47.0
37.200155
-5.8811402
167.136738777
1.92891609669
WAYPOINT2
Running
48.0
37.2001545
-5.8811542
165.533471355
1.97975373268
WAYPOINT2
Running
49.0
37.2001539
-5.8811676
164.318973511
2.02595353127
WAYPOINT2
Running
50.0
37.2001533
-5.8811801
161.977751896
2.01813077927
WAYPOINT2
Running
51.0
37.2001515
-5.8811938
159.954629544
1.97756195068
WAYPOINT2
Running
52.0
37.2001478
-5.8812079
160.212734263
1.9901702404
WAYPOINT2
Running
53.0
37.2001434
-5.8812218
162.522875256
2.00053977966
WAYPOINT2
Running
53.0
37.2001412
-5.8812309
163.711282341
1.9973102808
WAYPOINT2
Reached WP2
53.0
37.2001405
-5.8812337
163.77685789
1.99920785427
WAYPOINT3
Running
54.0
37.2001397
-5.8812364
160.5857041
2.0048789978
WAYPOINT3
Running
55.0
37.2001359
-5.8812511
117.428256843
2.00921702385
WAYPOINT3
Running
56.0
37.2001328
-5.8812633
74.0421658203
2.01864385605
WAYPOINT3
Running
57.0
37.20013
-5.8812731
70.159583192
2.02805185318
WAYPOINT3
Running
58.0
37.2001276
-5.8812858
67.2093411715
2.00483345985
WAYPOINT3
Running
59.0
37.2001229
-5.8812959
66.3312325436
1.9877576828
WAYPOINT3
Running
60.0
37.2001161
-5.8812983
64.8094941672
2.01064872742
WAYPOINT3
Running
61.0
37.2001078
-5.8812964
63.5616652054
2.037753582
WAYPOINT3
Running
62.0
37.2000993
-5.881291
63.1529940517
2.03384184837
WAYPOINT3
Running
63.0
37.2000905
-5.8812844
62.7498463573
1.99242591858
WAYPOINT3
Running
64.0
37.2000816
-5.8812789
64.4502193327
1.97258174419
WAYPOINT3
Running
65.0
37.2000724
-5.8812712
63.7564046111
1.95126593113
WAYPOINT3
Running
66.0
37.2000623
-5.881264
64.1131151982
1.96329247952
WAYPOINT3
Running
67.0
37.2000512
-5.8812571
63.9600771592
1.99313211441
WAYPOINT3
Running
68.0
37.2000401
-5.8812499
64.8914024424
2.00753831863
WAYPOINT3
Running
69.0
37.2000284
-5.8812429
66.1271405447
2.01109242439
WAYPOINT3
Running
70.0
37.2000166
-5.8812358
66.2529098196
2.01472473145
WAYPOINT3
Running
71.0
37.2000053
-5.8812295
65.3698090935
1.9949618578
WAYPOINT3
Running
72.0
37.1999948
-5.8812223
65.8119946557
1.96665453911
WAYPOINT3
Running
73.0
37.1999847
-5.8812162
66.3917758843
1.96510016918
WAYPOINT3
Running
74.0
37.1999737
-5.8812099
66.5649939745
1.98808181286
WAYPOINT3
Running
75.0
37.1999613
-5.8812042
66.589606874
1.99649655819
WAYPOINT3
Running
76.0
37.1999491
-5.8811987
64.5110396667
2.00156855583
WAYPOINT3
Running
77.0
37.1999361
-5.8811931
63.5654174679
1.97045195103
WAYPOINT3
Running
78.0
37.1999228
-5.8811874
64.0286730896
1.97353982925
WAYPOINT3
Running
79.0
37.1999105
-5.881182
64.880556373
1.96638274193
WAYPOINT3
Running
80.0
37.1998988
-5.8811778
65.3229283902
1.96210503578
WAYPOINT3
Running
81.0
37.199889
-5.8811824
65.5471802205
2.02558851242
WAYPOINT3
Running
82.0
37.1998806
-5.8811941
66.3377604814
2.00272893906
WAYPOINT3
Running
83.0
37.1998714
-5.8812049
66.786953426
1.97751438618
WAYPOINT3
Running
84.0
37.1998624
-5.8812145
68.1836557335
2.00399684906
WAYPOINT3
Running
85.0
37.1998528
-5.8812216
55.3072687356
2.02960968018
WAYPOINT3
Running
86.0
37.1998412
-5.8812272
10.8252276267
2.02387285233
WAYPOINT3
Running
87.0
37.1998308
-5.8812328
0.299677955765
1.95333909988
WAYPOINT3
Running
88.0
37.1998209
-5.8812354
348.80033369
1.95380067825
WAYPOINT3
Running
89.0
37.1998119
-5.8812351
344.12599793
2.02642679214
WAYPOINT3
Running
90.0
37.1998034
-5.8812308
331.710635399
2.0722463131
WAYPOINT3
Running
91.0
37.1998
-5.8812233
322.041374947
2.06035852432
WAYPOINT3
Running
92.0
37.1998
-5.8812134
321.054752566
2.05408239365
WAYPOINT3
Running
93.0
37.1997953
-5.8812039
317.219305656
2.00922417641
WAYPOINT3
Running
94.0
37.1997951
-5.8811937
308.137923031
1.97232544422
WAYPOINT3
Running
95.0
37.1997974
-5.8811843
303.772831087
2.02615189552
WAYPOINT3
Running
96.0
37.1998036
-5.8811756
299.705510173
2.04609656334
WAYPOINT3
Running
97.0
37.1998113
-5.881167
297.399851305
2.10514497757
WAYPOINT3
Running
97.0
37.1998139
-5.8811636
296.442330361
2.08647632599
WAYPOINT3
Reached WP3
97.0
37.1998156
-5.8811619
296.068738026
2.08080887794
WAYPOINT4
Reached WP4
97.0
37.1998156
-5.8811619
295.527213751
2.07807850838
WORKER1SEARCH
Running
98.0
37.1998187
-5.8811584
298.041651999
2.20104575157
WORKER1SEARCH
Running
99.0
37.1998294
-5.8811533
329.354246707
3.33152318001
WORKER1SEARCH
Running
100.0
37.1998377
-5.8811475
355.100327356
3.92873430252
WORKER1SEARCH
Running
101.0
37.1998408
-5.8811452
13.6046458237
4.02361249924
WORKER1SEARCH
Running
102.0
37.1998404
-5.8811404
14.5168877312
3.95443868637
WORKER1SEARCH
Running
103.0
37.1998381
-5.8811283
14.6096902324
3.94945597649
WORKER1SEARCH
Running
104.0
37.1998372
-5.8811145
14.9622181532
3.97103738785
WORKER1SEARCH
Running
105.0
37.1998359
-5.8810998
15.9227833401
3.98927903175
WORKER1SEARCH
Running
106.0
37.1998344
-5.8810851
16.7822857542
4.00202274323
WORKER1SEARCH
Running
107.0
37.1998328
-5.8810709
17.6829241941
3.99669337273
WORKER1SEARCH
Running
108.0
37.1998295
-5.8810564
17.694378308
4.01795721054
WORKER1SEARCH
Running
109.0
37.1998244
-5.8810428
18.2852050374
4.00505876541
WORKER1SEARCH
Running
110.0
37.1998194
-5.8810294
18.8047997363
4.00308275223
WORKER1SEARCH
Running
111.0
37.1998142
-5.8810157
18.7240538061
4.00057458878
WORKER1SEARCH
Running
112.0
37.1998093
-5.8810013
19.2104500076
3.99845910072
WORKER1SEARCH
Running
113.0
37.199803
-5.880985
20.8234305334
3.98452019691
WORKER1SEARCH
Running
114.0
37.1997978
-5.88097
20.3813249929
4.00451183319
WORKER1SEARCH
Running
115.0
37.1997936
-5.880956
20.261504532
4.0184378624
WORKER1SEARCH
Running
116.0
37.1997896
-5.8809433
17.4985064441
3.99192547798
WORKER1SEARCH
Running
117.0
37.199788
-5.8809374
46.341814183
3.98850059509
WORKER1SEARCH
Running
118.0
37.1997865
-5.880936
123.086388182
3.97854852676
WORKER1SEARCH
Running
119.0
37.1997824
-5.8809386
158.924199953
3.97981357574
WORKER1SEARCH
Running
120.0
37.199777
-5.8809488
167.785097338
3.99135375023
WORKER1SEARCH
Running
121.0
37.1997756
-5.8809604
179.414015159
4.0279917717
WORKER1SEARCH
Running
122.0
37.1997795
-5.8809736
179.803927395
4.01112890244
WORKER1SEARCH
Running
123.0
37.1997844
-5.8809871
178.94187935
3.98500704765
WORKER1SEARCH
Running
124.0
37.1997889
-5.8810019
179.861679681
3.9704246521
WORKER1SEARCH
Running
125.0
37.1997919
-5.8810175
179.231663558
3.95508980751
WORKER1SEARCH
Running
126.0
37.1997924
-5.8810316
178.256741032
3.97390556335
WORKER1SEARCH
Running
127.0
37.1997916
-5.8810464
179.36176509
3.97113156319
WORKER1SEARCH
Running
128.0
37.1997914
-5.8810632
174.859695772
3.98172187805
WORKER1SEARCH
Running
129.0
37.19979
-5.8810802
172.803772093
3.9852950573
WORKER1SEARCH
Running
130.0
37.1997905
-5.8810961
172.774042909
4.01674127579
WORKER1SEARCH
Running
131.0
37.1997911
-5.8811095
159.984010528
4.00640869141
WORKER1SEARCH
Running
132.0
37.19979
-5.8811222
153.408712944
4.01500797272
WORKER1SEARCH
Running
133.0
37.1997872
-5.8811338
152.591390343
4.00409984589
WORKER1SEARCH
Running
134.0
37.1997835
-5.8811432
138.697818506
3.98312044144
WORKER1SEARCH
Running
135.0
37.1997783
-5.8811516
134.158237007
3.9902741909
WORKER1SEARCH
Running
136.0
37.199773
-5.8811592
131.539632324
3.99487090111
WORKER1SEARCH
Running
137.0
37.1997671
-5.8811672
131.512236047
4.02412223816
WORKER1SEARCH
Running
138.0
37.1997595
-5.881173
124.637534978
4.04480266571
WORKER1SEARCH
Running
139.0
37.1997514
-5.8811794
123.650914321
3.99884700775
WORKER1SEARCH
Running
140.0
37.1997434
-5.8811872
124.819398925
3.94139361382
WORKER1SEARCH
Running
141.0
37.1997352
-5.8811958
120.975046977
3.91268324852
WORKER1SEARCH
Running
142.0
37.199726
-5.8812035
119.059216858
3.87605428696
WORKER1SEARCH
Running
143.0
37.1997174
-5.8812113
116.942303531
3.82886648178
WORKER1SEARCH
Running
144.0
37.1997072
-5.8812177
116.376421455
3.78275156021
WORKER1SEARCH
Running
145.0
37.199697
-5.8812264
108.282269551
3.72665095329
WORKER1SEARCH
Running
146.0
37.1996866
-5.8812319
103.967340874
3.64189100266
WORKER1SEARCH
Running
147.0
37.1996758
-5.881236
100.394656012
3.49502229691
WORKER1SEARCH
Running
148.0
37.199665
-5.881239
99.6699341224
3.41376304626
WORKER1SEARCH
Running
149.0
37.1996548
-5.881243
99.1510855216
3.37456965446
WORKER1SEARCH
Running
150.0
37.1996441
-5.881245
93.9829770411
3.2794008255
WORKER1SEARCH
Running
151.0
37.1996352
-5.8812449
93.9332768235
3.24484753609
WORKER1SEARCH
Running
152.0
37.1996269
-5.8812443
98.2137814898
3.20968866348
WORKER1SEARCH
Running
153.0
37.1996176
-5.881244
94.1640106064
3.19695949554
WORKER1SEARCH
Running
154.0
37.1996071
-5.8812417
95.3719646147
3.23161053658
WORKER1SEARCH
Running
155.0
37.1995963
-5.8812375
93.8247732194
3.26851844788
WORKER1SEARCH
Running
156.0
37.199584
-5.8812336
91.7846956883
3.25679159164
WORKER1SEARCH
Running
157.0
37.1995701
-5.8812326
91.6219696397
3.24784135818
WORKER1SEARCH
Running
158.0
37.1995555
-5.8812354
95.6705329993
3.22552800179
WORKER1SEARCH
Running
159.0
37.1995424
-5.8812365
96.194783081
3.18904352188
WORKER1SEARCH
Running
160.0
37.1995307
-5.8812346
94.1871583316
3.19266653061
WORKER1SEARCH
Running
160.0
37.1995241
-5.8812315
92.9943321898
3.23891448975
WORKER1SEARCH
Outside Worker Found
160.0
37.1995221
-5.8812302
92.8221899542
3.2476811409
DELIVERAID1
Running
161.0
37.1995202
-5.8812292
93.1009110257
3.26706624031
DELIVERAID1
Running
162.0
37.1995139
-5.8812275
93.7677238011
3.30534815788
DELIVERAID1
Running
163.0
37.199509
-5.8812279
94.3437027808
3.18814301491
DELIVERAID1
Running
164.0
37.1995012
-5.881226
93.4640478626
3.17361235619
DELIVERAID1
Running
165.0
37.1994941
-5.8812246
93.5646189784
3.21246933937
DELIVERAID1
Running
166.0
37.1994871
-5.8812236
93.4646728266
3.24642896652
DELIVERAID1
Running
167.0
37.1994795
-5.8812235
93.6706255463
3.26835107803
DELIVERAID1
Running
168.0
37.1994736
-5.8812231
93.4714147876
3.30206680298
DELIVERAID1
Running
169.0
37.199474
-5.8812251
93.73028946
3.3443403244
DELIVERAID1
Running
170.0
37.1994776
-5.8812249
57.5321305448
3.13042473793
DELIVERAID1
Running
171.0
37.1994844
-5.8812202
35.3991626994
3.06537127495
DELIVERAID1
Running
172.0
37.1994919
-5.8812154
35.9216925719
3.01490211487
DELIVERAID1
Running
173.0
37.1995005
-5.8812094
36.0635090959
3.01231431961
DELIVERAID1
Running
174.0
37.1995076
-5.8812076
34.2865684302
3.02387428284
DELIVERAID1
Running
175.0
37.1995066
-5.8812133
33.9198437036
3.01952147484
DELIVERAID1
Running
176.0
37.1995051
-5.8812177
7.12645160312
2.98188591003
DELIVERAID1
Running
177.0
37.1995058
-5.8812195
329.734715421
2.97300624847
DELIVERAID1
Running
178.0
37.1995062
-5.8812247
359.429191737
2.96281385422
DELIVERAID1
Running
179.0
37.1995063
-5.8812247
30.0206263497
2.88483691216
DELIVERAID1
Running
180.0
37.1995083
-5.8812227
35.910025775
3.01326847076
DELIVERAID1
Running
181.0
37.1995139
-5.8812225
35.9689809844
2.91956019402
DELIVERAID1
Running
182.0
37.1995221
-5.8812196
34.8332683046
2.97097086906
DELIVERAID1
Running
183.0
37.1995284
-5.8812152
31.852800551
2.99104213715
DELIVERAID1
Running
184.0
37.1995306
-5.8812182
30.1131171967
2.9478392601
DELIVERAID1
Running
185.0
37.1995292
-5.8812284
3.71285972047
2.90542864799
DELIVERAID1
Running
186.0
37.1995272
-5.8812378
357.917526976
2.87910914421
DELIVERAID1
Running
187.0
37.1995276
-5.8812419
356.061069978
2.89608955383
DELIVERAID1
Running
188.0
37.1995269
-5.8812408
343.164983729
2.95260071754
DELIVERAID1
Running
189.0
37.1995218
-5.8812404
343.729378665
2.99411201477
DELIVERAID1
Running
190.0
37.1995192
-5.8812418
7.22566000018
2.98020029068
DELIVERAID1
Running
191.0
37.1995263
-5.8812447
33.3738884975
2.92099332809
DELIVERAID1
Running
192.0
37.1995355
-5.8812438
35.812808152
2.93668961525
DELIVERAID1
Running
193.0
37.1995434
-5.8812361
34.7603181063
2.97070503235
DELIVERAID1
Running
194.0
37.1995489
-5.8812211
33.7226687188
3.05286312103
DELIVERAID1
Running
195.0
37.1995506
-5.8812089
28.874488806
3.1349709034
DELIVERAID1
Running
196.0
37.19955
-5.8812099
30.0723665142
3.35639619827
DELIVERAID1
Running
197.0
37.1995453
-5.8812153
9.09935361399
3.38575935364
DELIVERAID1
Running
198.0
37.1995413
-5.8812195
8.37706044214
3.28845477104
DELIVERAID1
Running
199.0
37.1995399
-5.8812224
8.26534891133
3.34185123444
DELIVERAID1
Running
200.0
37.1995388
-5.8812245
7.20259987677
3.79368519783
DELIVERAID1
Running
201.0
37.1995372
-5.8812242
8.0386372402
4.21866798401
DELIVERAID1
Running
202.0
37.1995368
-5.8812237
9.08782599202
4.29014968872
DELIVERAID1
Running
203.0
37.1995369
-5.8812229
7.19742226799
4.25184106827
DELIVERAID1
Running
204.0
37.1995381
-5.881223
7.61056207968
4.21448326111
DELIVERAID1
Running
205.0
37.1995394
-5.8812234
343.121550499
4.20211458206
DELIVERAID1
Running
206.0
37.1995418
-5.8812252
266.139053848
4.29389572144
DELIVERAID1
Aid Delivered
206.0
37.1995418
-5.8812252
266.139053848
4.29389572144
GOTOREFULE
Running
207.0
37.1995439
-5.8812294
267.15512151
4.34648609161
GOTOREFULE
Running
208.0
37.1995498
-5.8812368
267.773385775
4.41062068939
GOTOREFULE
Running
209.0
37.1995577
-5.8812401
268.39214657
4.42059230804
GOTOREFULE
Running
210.0
37.1995671
-5.88124
268.040962259
4.40962219238
GOTOREFULE
Running
211.0
37.1995756
-5.8812399
267.748372785
4.37604188919
GOTOREFULE
Running
212.0
37.1995847
-5.8812398
268.13247865
4.33601474762
GOTOREFULE
Running
213.0
37.199595
-5.8812381
268.093903751
4.35548353195
GOTOREFULE
Running
214.0
37.1996064
-5.8812381
267.645854453
4.41737365723
GOTOREFULE
Running
215.0
37.19962
-5.8812384
265.023096764
4.46068382263
GOTOREFULE
Running
216.0
37.1996332
-5.8812391
268.393217417
4.47621154785
GOTOREFULE
Running
217.0
37.1996454
-5.8812388
276.278495802
4.43070983887
GOTOREFULE
Running
218.0
37.1996576
-5.881238
277.331778945
4.37897920609
GOTOREFULE
Running
219.0
37.1996698
-5.8812367
285.168652939
4.38218450546
GOTOREFULE
Running
220.0
37.1996814
-5.8812334
291.631869909
4.38219928741
GOTOREFULE
Running
221.0
37.1996941
-5.8812282
301.71719632
4.45033931732
GOTOREFULE
Running
222.0
37.1997066
-5.88122
302.882304534
4.51091003418
GOTOREFULE
Running
223.0
37.199718
-5.8812117
303.197354304
4.2415137291
GOTOREFULE
Running
224.0
37.1997279
-5.881202
302.866421335
3.8496158123
GOTOREFULE
Running
225.0
37.1997393
-5.8811933
302.362865368
3.42036914825
GOTOREFULE
Running
226.0
37.1997498
-5.8811882
301.337309812
3.05808806419
GOTOREFULE
Running
227.0
37.1997605
-5.8811839
300.139644843
2.68840670586
GOTOREFULE
Running
228.0
37.1997718
-5.881179
298.404165536
2.30631875992
GOTOREFULE
Running
229.0
37.1997836
-5.8811742
299.532688814
2.0449616909
GOTOREFULE
Running
230.0
37.199795
-5.8811691
300.791819271
1.84501814842
GOTOREFULE
Running
231.0
37.199805
-5.8811632
300.502167752
1.65825271606
GOTOREFULE
Running
232.0
37.1998155
-5.8811566
300.60507399
1.56865048409
GOTOREFULE
Running
233.0
37.1998252
-5.881149
300.826424916
1.47654294968
GOTOREFULE
Running
234.0
37.1998351
-5.881141
300.589843472
1.38454353809
GOTOREFULE
Running
235.0
37.1998441
-5.881134
300.58824453
0.986047685146
GOTOREFULE
Running
236.0
37.1998466
-5.8811299
301.13671703
0.246983364224
GOTOREFULE
Running
237.0
37.199847
-5.8811292
299.446371097
-0.163974955678
GOTOREFULE
Running
238.0
37.199848
-5.8811295
299.358833217
-0.046970628202
GOTOREFULE
Running
239.0
37.1998491
-5.8811295
299.163182355
0.177845627069
GOTOREFULE
Running
240.0
37.1998494
-5.8811289
298.984633361
0.230114430189
GOTOREFULE
Running
241.0
37.1998488
-5.8811289
298.899982391
0.198753833771
GOTOREFULE
Running
242.0
37.1998492
-5.8811293
298.798095684
0.177453130484
GOTOREFULE
Running
243.0
37.1998491
-5.8811297
298.726273943
0.148695185781
GOTOREFULE
Running
244.0
37.1998486
-5.88113
298.627519131
0.124664016068
GOTOREFULE
Running
245.0
37.199848
-5.8811299
298.469056395
0.165909096599
GOTOREFULE
Running
246.0
37.1998471
-5.8811299
298.301728102
0.148924142122
GOTOREFULE
Running
247.0
37.1998467
-5.8811298
298.243964718
0.116818130016
GOTOREFULE
Running
248.0
37.1998468
-5.8811299
298.133772524
0.118053592741
GOTOREFULE
Running
249.0
37.1998466
-5.8811298
298.10482006
0.124792054296
GOTOREFULE
Running
250.0
37.1998462
-5.8811299
298.0241649
0.136716529727
GOTOREFULE
Running
251.0
37.1998464
-5.8811301
297.933573941
0.12996006012
GOTOREFULE
Running
252.0
37.1998467
-5.8811302
297.869820761
0.1373834759
GOTOREFULE
Running
253.0
37.199847
-5.88113
297.797930989
0.125359743834
GOTOREFULE
Running
254.0
37.1998465
-5.8811294
297.772752726
0.122726529837
GOTOREFULE
Running
255.0
37.199846
-5.8811292
297.725884753
0.124167211354
GOTOREFULE
Running
256.0
37.1998463
-5.8811291
297.633299988
0.14364515245
GOTOREFULE
Running
257.0
37.1998459
-5.8811293
297.561818324
0.141810685396
GOTOREFULE
Running
258.0
37.1998454
-5.8811299
297.487775192
0.12060662359
GOTOREFULE
Running
259.0
37.1998453
-5.88113
297.376414494
0.128262430429
GOTOREFULE
Running
260.0
37.1998447
-5.8811297
297.354916034
0.11122161895
GOTOREFULE
Running
261.0
37.1998445
-5.8811296
297.237104746
0.137134596705
GOTOREFULE
Running
262.0
37.1998445
-5.8811299
297.150830059
0.134156659245
GOTOREFULE
Running
263.0
37.1998447
-5.8811302
297.069179233
0.129566252232
GOTOREFULE
Running
264.0
37.199845
-5.8811299
296.95770115
0.136219441891
GOTOREFULE
Running
265.0
37.1998447
-5.8811293
296.965213129
0.142400845885
GOTOREFULE
Running
266.0
37.1998446
-5.8811289
296.972771549
0.133610025048
GOTOREFULE
Running
267.0
37.199845
-5.8811289
296.88239432
0.135554656386
GOTOREFULE
Running
268.0
37.1998455
-5.8811287
296.821096248
0.137209549546
GOTOREFULE
Running
269.0
37.1998459
-5.8811287
296.696807354
0.145431429148
GOTOREFULE
Running
270.0
37.1998464
-5.881129
296.614316032
0.133397236466
GOTOREFULE
Running
271.0
37.199847
-5.8811294
296.600816071
0.123646244407
GOTOREFULE
Running
272.0
37.1998474
-5.8811294
296.590860285
0.136814817786
GOTOREFULE
Running
273.0
37.1998482
-5.8811296
296.609007363
0.137038052082
GOTOREFULE
Running
274.0
37.199848
-5.8811294
296.525126135
0.151545226574
GOTOREFULE
Running
275.0
37.1998478
-5.8811295
296.516889407
0.151448369026
GOTOREFULE
Running
276.0
37.1998475
-5.8811298
296.455428732
0.120395928621
GOTOREFULE
Running
277.0
37.1998472
-5.8811298
296.380065524
0.124382123351
GOTOREFULE
Running
278.0
37.1998465
-5.8811296
296.324128031
0.111170493066
GOTOREFULE
Running
279.0
37.1998463
-5.8811298
296.266387236
0.0977311208844
GOTOREFULE
Running
280.0
37.1998467
-5.8811301
296.188711356
0.144361063838
GOTOREFULE
Running
281.0
37.1998465
-5.8811301
296.190244797
0.151991426945
GOTOREFULE
Running
282.0
37.1998464
-5.88113
296.226598595
0.132413581014
GOTOREFULE
Running
283.0
37.1998462
-5.8811301
296.25404545
0.115758307278
GOTOREFULE
Running
284.0
37.1998471
-5.8811303
296.329607949
0.122369766235
GOTOREFULE
Running
285.0
37.1998472
-5.8811301
296.29407504
0.139567986131
GOTOREFULE
Running
286.0
37.1998474
-5.88113
296.270618517
0.13684771955
GOTOREFULE
Running
287.0
37.1998479
-5.8811304
296.216125996
0.137188524008
GOTOREFULE
Running
288.0
37.1998478
-5.8811305
296.147445764
0.136253327131
GOTOREFULE
Running
289.0
37.1998482
-5.8811311
296.217203602
0.112249419093
GOTOREFULE
Running
290.0
37.199849
-5.881131
296.217898461
0.135202482343
GOTOREFULE
Running
291.0
37.1998491
-5.881131
296.184136094
0.151024878025
GOTOREFULE
Running
292.0
37.1998498
-5.8811313
296.162658009
0.139320969582
GOTOREFULE
Running
293.0
37.1998503
-5.8811313
296.061163605
0.14380903542
GOTOREFULE
Running
294.0
37.1998508
-5.8811316
296.054227133
0.125860765576
GOTOREFULE
Running
295.0
37.1998507
-5.8811319
296.049224961
0.118952967227
GOTOREFULE
Running
296.0
37.199851
-5.8811319
296.033711376
0.137272283435
GOTOREFULE
Running
297.0
37.1998512
-5.8811315
296.095475561
0.135588526726
GOTOREFULE
Running
298.0
37.199851
-5.881131
296.096344375
0.146274670959
GOTOREFULE
Running
299.0
37.1998511
-5.8811307
296.10327392
0.145244002342
GOTOREFULE
Running
300.0
37.1998519
-5.881131
296.119172016
0.134763523936
GOTOREFULE
Running
301.0
37.1998522
-5.8811309
296.110366928
0.119413793087
GOTOREFULE
Running
302.0
37.1998528
-5.881131
296.081987885
0.113477781415
GOTOREFULE
Running
303.0
37.1998528
-5.8811312
296.075835861
0.122826889157
GOTOREFULE
Running
304.0
37.1998523
-5.881131
296.059230108
0.131155505776
GOTOREFULE
Running
305.0
37.1998521
-5.8811309
296.134171097
0.128912344575
GOTOREFULE
Running
306.0
37.1998521
-5.8811309
296.19638893
0.134196728468
GOTOREFULE
Running
307.0
37.199852
-5.881131
296.217145369
0.127499073744
GOTOREFULE
Running
308.0
37.1998519
-5.8811308
296.194126351
0.125303119421
GOTOREFULE
Running
