4.0
37.1999
-5.8811139
259.563891454
0.0952748656273
LOADPACKAGE1
Package Loaded
4.0
37.1999
-5.8811139
259.563891454
0.0952748656273
TAKEOFF1
Running
5.0
37.1999
-5.8811139
259.547946904
0.09596016258
TAKEOFF1
Running
6.0
37.1999001
-5.8811132
259.522174305
0.0937783494592
TAKEOFF1
Running
7.0
37.1998998
-5.8811128
259.529236579
0.0997894182801
TAKEOFF1
Running
8.0
37.1999005
-5.8811132
259.468702431
0.0986225605011
TAKEOFF1
Running
9.0
37.1999001
-5.8811137
259.470699594
0.091550566256
TAKEOFF1
Running
10.0
37.1999012
-5.8811142
259.795757904
0.20164552331
TAKEOFF1
Running
11.0
37.1999028
-5.8811145
258.689066166
0.164071202278
TAKEOFF1
Running
12.0
37.1999016
-5.8811139
252.745168129
0.120087064803
TAKEOFF1
Running
13.0
37.1998967
-5.8811142
250.00302389
0.130226880312
TAKEOFF1
Running
14.0
37.1998968
-5.881115
249.492631754
0.128020167351
TAKEOFF1
Running
15.0
37.1998971
-5.8811149
248.160619339
0.12516631186
TAKEOFF1
Running
16.0
37.1998972
-5.8811151
250.067690185
0.120897702873
TAKEOFF1
Running
17.0
37.1998962
-5.8811164
251.266791155
0.135940477252
TAKEOFF1
Running
18.0
37.1998956
-5.8811168
253.351603558
0.039272248745
TAKEOFF1
Running
19.0
37.1998982
-5.8811176
253.398371813
0.120445333421
TAKEOFF1
Running
20.0
37.1998957
-5.8811174
253.803157071
0.142689406872
TAKEOFF1
Running
21.0
37.199894
-5.8811181
254.331030281
0.177628606558
TAKEOFF1
Running
22.0
37.1998933
-5.8811194
254.254901514
0.198978498578
TAKEOFF1
Running
23.0
37.1998908
-5.8811217
253.694992695
0.186406508088
TAKEOFF1
Running
24.0
37.1998892
-5.8811222
256.108561025
0.147084712982
TAKEOFF1
Running
25.0
37.1998831
-5.8811202
258.262715117
0.108913160861
TAKEOFF1
Running
26.0
37.1998791
-5.8811184
257.803172738
0.0778113082051
TAKEOFF1
Running
27.0
37.1998786
-5.881119
263.446879333
0.0781822577119
TAKEOFF1
Running
28.0
37.1998765
-5.881119
263.685621113
-0.0795408785343
TAKEOFF1
Running
29.0
37.1998846
-5.8811187
263.854945033
-0.0746043771505
TAKEOFF1
Running
30.0
37.1998914
-5.8811156
264.097459895
-0.0189164225012
TAKEOFF1
Running
31.0
37.1998916
-5.8811146
264.301133536
0.00724626565352
TAKEOFF1
Running
32.0
37.1998921
-5.8811142
264.54439037
0.00992299802601
TAKEOFF1
Running
33.0
37.1998925
-5.8811143
264.726357916
0.00639520538971
TAKEOFF1
Running
34.0
37.1998923
-5.8811147
264.890339801
0.00409528892487
TAKEOFF1
Running
35.0
37.1998949
-5.8811153
265.05116395
0.00222768075764
TAKEOFF1
Running
36.0
37.1998978
-5.8811143
265.064162267
-0.000695770489984
TAKEOFF1
Running
37.0
37.1998994
-5.8811142
265.12706535
-0.000642355124001
TAKEOFF1
Running
38.0
37.1998992
-5.881114
265.17899155
0.00214323727414
TAKEOFF1
Running
39.0
37.199899
-5.8811133
265.198993783
0.00319630675949
TAKEOFF1
Running
40.0
37.1998986
-5.8811129
265.242202728
0.00142096879426
TAKEOFF1
Running
41.0
37.1998985
-5.8811126
265.297083626
0.00104351178743
TAKEOFF1
Running
42.0
37.1998981
-5.8811128
265.353121556
0.00161225767806
TAKEOFF1
Running
43.0
37.199898
-5.8811126
265.380605755
0.00214156298898
TAKEOFF1
Running
44.0
37.1998985
-5.8811127
265.419175295
0.00152260332834
TAKEOFF1
Running
45.0
37.1998987
-5.8811123
265.447447451
0.00162908004131
TAKEOFF1
Running
46.0
37.1998987
-5.8811118
265.49400492
-0.000678047363182
TAKEOFF1
Running
47.0
37.1998989
-5.8811118
265.610408841
-0.000741452269723
TAKEOFF1
Running
48.0
37.199899
-5.8811115
265.607562085
-0.00172818661667
TAKEOFF1
Running
49.0
37.1998986
-5.8811115
265.666342125
-0.0023947423324
TAKEOFF1
Running
50.0
37.199899
-5.8811114
265.637420515
-0.00170336070005
TAKEOFF1
Running
51.0
37.1998989
-5.881111
265.623356754
-0.000722843222321
TAKEOFF1
Running
52.0
37.1998986
-5.8811105
265.619898935
-0.00014899300004
TAKEOFF1
Running
53.0
37.1998981
-5.8811097
265.663500417
-0.00140361080412
TAKEOFF1
Running
54.0
37.1998989
-5.8811101
280.178817049
0.323379099369
TAKEOFF1
Running
54.0
37.1998988
-5.8811109
291.386122337
0.575517952442
TAKEOFF1
Takeoff Complete
54.0
37.1998988
-5.8811109
294.889238395
0.6303383708
WAYPOINT1
Running
55.0
37.1998989
-5.8811121
297.951660191
0.970968127251
WAYPOINT1
Running
56.0
37.1999003
-5.8811092
296.411904697
1.1886575222
WAYPOINT1
Running
57.0
37.1999034
-5.8811037
296.289528546
1.3870664835
WAYPOINT1
Running
58.0
37.1999102
-5.881097
295.789826985
1.55620014668
WAYPOINT1
Running
59.0
37.1999184
-5.8810918
296.359399231
1.63607954979
WAYPOINT1
Running
60.0
37.1999266
-5.8810879
297.235803151
1.66072463989
WAYPOINT1
Running
61.0
37.199935
-5.8810826
297.942319704
1.67550551891
WAYPOINT1
Running
62.0
37.1999452
-5.8810778
298.157094186
1.67689073086
WAYPOINT1
Running
63.0
37.1999548
-5.8810709
297.958062223
1.72172570229
WAYPOINT1
Running
64.0
37.1999649
-5.8810634
298.436084618
1.7431088686
WAYPOINT1
Running
65.0
37.1999753
-5.881056
297.934962823
1.72427392006
WAYPOINT1
Running
66.0
37.1999859
-5.881049
299.105834856
1.7697789669
WAYPOINT1
Running
67.0
37.1999946
-5.8810422
298.881998874
1.80792081356
WAYPOINT1
Running
68.0
37.200004
-5.8810361
298.416606327
1.81116485596
WAYPOINT1
Running
69.0
37.2000142
-5.8810291
298.504205812
1.82542514801
WAYPOINT1
Running
70.0
37.2000236
-5.8810231
298.42548883
1.82159876823
WAYPOINT1
Running
71.0
37.2000336
-5.881016
297.692868102
1.83663129807
WAYPOINT1
Running
72.0
37.2000437
-5.8810087
296.431437767
1.84678828716
WAYPOINT1
Running
73.0
37.2000547
-5.8810004
296.941783007
1.90777361393
WAYPOINT1
Running
74.0
37.2000642
-5.8809929
295.472647695
1.93293046951
WAYPOINT1
Running
74.0
37.2000677
-5.8809899
294.821153729
1.93275690079
WAYPOINT1
Reached WP1
74.0
37.2000677
-5.8809899
294.576829179
1.9321000576
WAYPOINT2
Running
75.0
37.2000737
-5.8809853
275.24573461
1.93556249142
WAYPOINT2
Running
76.0
37.2000844
-5.880978
229.387346278
1.91144788265
WAYPOINT2
Running
77.0
37.2000921
-5.8809747
185.700870642
1.88239359856
WAYPOINT2
Running
78.0
37.2000932
-5.8809786
181.076477954
1.81925702095
WAYPOINT2
Running
79.0
37.2000918
-5.8809882
181.918078908
1.82733166218
WAYPOINT2
Running
80.0
37.2000896
-5.881
183.120974009
1.85734224319
WAYPOINT2
Running
81.0
37.2000877
-5.881012
185.076946716
1.92739570141
WAYPOINT2
Running
82.0
37.2000874
-5.8810249
186.766904825
1.97791826725
WAYPOINT2
Running
83.0
37.2000883
-5.8810398
188.796683791
1.99861931801
WAYPOINT2
Running
84.0
37.2000896
-5.881055
189.358815753
2.00976061821
WAYPOINT2
Running
85.0
37.2000914
-5.8810705
188.63955923
1.97014975548
WAYPOINT2
Running
86.0
37.2000932
-5.8810858
189.743391254
1.92778718472
WAYPOINT2
Running
87.0
37.2000955
-5.8811014
189.844439533
1.9345729351
WAYPOINT2
Running
88.0
37.2000991
-5.8811176
189.957164917
1.93307042122
WAYPOINT2
Running
89.0
37.2001021
-5.8811337
190.861229485
1.93384718895
WAYPOINT2
Running
90.0
37.2001047
-5.8811485
190.170724052
1.95821511745
WAYPOINT2
Running
90.0
37.2001058
-5.8811546
190.296885212
1.96716952324
WAYPOINT2
Reached WP2
90.0
37.2001058
-5.8811546
190.353697292
1.97321915627
WAYPOINT3
Running
91.0
37.2001087
-5.8811631
170.026526692
1.99102950096
WAYPOINT3
Running
92.0
37.2001096
-5.8811771
118.14127584
1.96656608582
WAYPOINT3
Running
93.0
37.2001058
-5.8811904
74.1498642317
1.96331834793
WAYPOINT3
Running
94.0
37.2001017
-5.8812005
67.2955002302
1.93737506866
WAYPOINT3
Running
95.0
37.200095
-5.8811987
67.4731223835
1.96540367603
WAYPOINT3
Running
96.0
37.2000874
-5.8811922
67.3836579862
1.96077311039
WAYPOINT3
Running
97.0
37.2000788
-5.8811847
67.9714394165
1.96804404259
WAYPOINT3
Running
98.0
37.2000695
-5.8811765
68.297075275
1.9813079834
WAYPOINT3
Running
99.0
37.200059
-5.881169
67.7752515437
1.9794948101
WAYPOINT3
Running
100.0
37.2000482
-5.8811614
69.1079347116
1.97530055046
WAYPOINT3
Running
101.0
37.2000363
-5.881155
68.5324532192
1.98742866516
WAYPOINT3
Running
102.0
37.2000252
-5.8811476
68.8701537422
1.99715614319
WAYPOINT3
Running
103.0
37.2000137
-5.8811416
70.4422813364
1.99326276779
WAYPOINT3
Running
104.0
37.2000028
-5.8811366
70.7796799609
2.00925922394
WAYPOINT3
Running
105.0
37.1999907
-5.8811326
71.8234969193
2.02280211449
WAYPOINT3
Running
106.0
37.1999789
-5.8811284
70.4980251233
1.99701547623
WAYPOINT3
Running
107.0
37.1999678
-5.8811254
71.552700088
1.99274408817
WAYPOINT3
Running
108.0
37.1999566
-5.8811227
71.2836674941
1.97627520561
WAYPOINT3
Running
109.0
37.1999452
-5.8811209
69.9691580358
1.97194206715
WAYPOINT3
Running
110.0
37.199934
-5.8811194
68.0489358954
1.98719704151
WAYPOINT3
Running
111.0
37.1999233
-5.8811172
69.0551089709
2.02458548546
WAYPOINT3
Running
112.0
37.1999119
-5.8811151
66.869938686
2.04183268547
WAYPOINT3
Running
113.0
37.1999009
-5.8811111
66.1173850828
2.00406908989
WAYPOINT3
Running
114.0
37.1998907
-5.8811069
66.2835866997
1.94534468651
WAYPOINT3
Running
115.0
37.1998805
-5.8811021
65.4261371355
1.94687342644
WAYPOINT3
Running
116.0
37.1998697
-5.8810967
64.9728096868
1.99702680111
WAYPOINT3
Running
117.0
37.1998589
-5.8810913
63.8630581986
2.01715350151
WAYPOINT3
Running
118.0
37.1998475
-5.8810851
64.9457397283
1.99191999435
WAYPOINT3
Running
118.0
37.1998407
-5.8810809
64.7572736165
2.00842356682
WAYPOINT3
Reached WP3
118.0
37.1998407
-5.8810809
64.6014753631
2.01231336594
WAYPOINT4
Reached WP4
118.0
37.1998381
-5.8810795
64.4094751767
2.01538872719
WORKER1SEARCH
Running
119.0
37.1998354
-5.8810782
55.4483567697
2.18450379372
WORKER1SEARCH
Running
120.0
37.1998223
-5.881072
18.5897315233
3.33475589752
WORKER1SEARCH
Running
121.0
37.1998142
-5.8810654
14.6312061156
3.84614419937
WORKER1SEARCH
Running
122.0
37.19981
-5.881058
13.4719782539
4.01629781723
WORKER1SEARCH
Running
123.0
37.1998077
-5.88105
12.0848860035
4.05250310898
WORKER1SEARCH
Running
124.0
37.1998043
-5.8810406
10.9931811531
4.06857872009
WORKER1SEARCH
Running
125.0
37.1998026
-5.8810297
14.214322861
4.00064754486
WORKER1SEARCH
Running
126.0
37.1998018
-5.8810179
14.8229023855
4.0030169487
WORKER1SEARCH
Running
127.0
37.1998003
-5.8810056
15.297643245
4.09090709686
WORKER1SEARCH
Running
128.0
37.1997983
-5.8809938
16.4423277298
4.08743286133
WORKER1SEARCH
Running
129.0
37.1997962
-5.8809783
16.816800183
4.04910516739
WORKER1SEARCH
Running
130.0
37.1997932
-5.8809594
17.0300401814
3.96448755264
WORKER1SEARCH
Running
131.0
37.1997885
-5.8809404
16.98445046
3.9565038681
WORKER1SEARCH
Running
132.0
37.1997815
-5.8809236
15.7530216224
4.02292728424
WORKER1SEARCH
Running
133.0
37.1997735
-5.8809111
10.9026154392
3.66926956177
WORKER1SEARCH
Running
134.0
37.1997665
-5.8809102
66.9345634118
3.52048134804
WORKER1SEARCH
Running
135.0
37.1997588
-5.8809176
107.067545061
3.33518981934
WORKER1SEARCH
Running
136.0
37.1997534
-5.8809283
137.206442868
3.21432042122
WORKER1SEARCH
Running
137.0
37.1997533
-5.8809371
161.111946471
3.162296772
WORKER1SEARCH
Running
138.0
37.199757
-5.8809461
176.986358452
3.03354477882
WORKER1SEARCH
Running
139.0
37.1997619
-5.8809557
189.484944306
2.90566253662
WORKER1SEARCH
Running
140.0
37.1997689
-5.8809641
210.096369078
2.74730753899
WORKER1SEARCH
Running
141.0
37.1997786
-5.8809695
210.156111431
2.61632966995
WORKER1SEARCH
Running
142.0
37.1997888
-5.8809765
212.795513486
2.54024744034
WORKER1SEARCH
Running
143.0
37.1998015
-5.8809846
209.835166473
2.50253772736
WORKER1SEARCH
Running
144.0
37.1998132
-5.8809934
209.818120974
2.42875981331
WORKER1SEARCH
Running
145.0
37.1998238
-5.8810009
209.857918267
2.36526083946
WORKER1SEARCH
Running
146.0
37.1998354
-5.881009
210.919628139
2.36205029488
WORKER1SEARCH
Running
147.0
37.1998467
-5.8810163
215.581209815
2.31439375877
WORKER1SEARCH
Running
